AIC : -1601220.21797385
BIC : -1600769.3783025227
Score : 800644.108986925
