AIC : 202727.97500328568
BIC : 203032.9547809483
Score : -101340.98750164284
