AIC : -7412942.246355486
BIC : -7412679.0203594575
Score : 3706491.123177743
