AIC : -24010094.407487497
BIC : -24009515.310296234
Score : 12005091.203743748
