AIC : -25001125.889641345
BIC : -25000349.37295306
Score : 12500621.944820672
