AIC : -9365920.683614757
BIC : -9365512.683320912
Score : 4682991.341807378
