AIC : -20219041.427824445
BIC : -20218778.201828416
Score : 10109540.713912223
