AIC : -13662359.706296705
BIC : -13661359.447511796
Score : 6831255.853148352
