AIC : -11276617.050241323
BIC : -11276037.95305006
Score : 5638352.525120662
