AIC : -26046590.96965002
BIC : -26045590.71086511
Score : 13023371.48482501
