AIC : 1287964.1523344435
BIC : 1288372.1526282881
Score : -643951.0761672218
