AIC : -4226694.199864195
BIC : -4226430.973868166
Score : 2113367.0999320974
