AIC : -14602167.821731474
BIC : -14600917.498250337
Score : 7301178.910865737
