AIC : -12510971.247597681
BIC : -12510194.730909396
Score : 6255544.623798841
