AIC : -11120495.090937708
BIC : -11119915.993746445
Score : 5560291.545468854
