AIC : -22299624.145622313
BIC : -22299216.14532847
Score : 11149843.072811157
