AIC : -15394681.708830614
BIC : -15393154.998053648
Score : 7697456.854415307
