AIC : -26941697.767177947
BIC : -26940447.44369681
Score : 13470943.883588973
