AIC : 3147756.031736995
BIC : 3147846.159374741
Score : -1573871.0158684975
