AIC : -1698843.7446168899
BIC : -1698405.9818049828
Score : 849455.8723084449
