AIC : 763566.1516857562
BIC : 763656.2793235017
Score : -381776.0758428781
