AIC : -2962233.5354805468
BIC : -2961937.401813668
Score : 1481139.7677402734
