AIC : -4187084.029808268
BIC : -4186646.266996361
Score : 2093576.014904134
