AIC : -487612.472312238
BIC : -487316.3386453597
Score : 243829.236156119
