AIC : -5168011.863652396
BIC : -5167406.720941818
Score : 2584052.931826198
