AIC : -1367052.7760097363
BIC : -1366872.5207342452
Score : 683540.3880048682
