AIC : 1113684.0775216555
BIC : 1113864.3327971466
Score : -556828.0387608277
