AIC : -2680834.0159953153
BIC : -2680228.8732847376
Score : 1340464.0079976576
