AIC : -7872876.273858279
BIC : -7872477.137176834
Score : 3936469.1369291395
