AIC : -6453844.35179019
BIC : -6453548.218123311
Score : 3226945.175895095
