AIC : -11757664.001225166
BIC : -11757264.864543721
Score : 5878863.000612583
