AIC : 18379903.536496744
BIC : 18380258.014071766
Score : -9189928.768248372
