AIC : -13183123.679708483
BIC : -13182818.69993082
Score : 6591584.839854241
