AIC : -14943717.074319161
BIC : -14943266.234647835
Score : 7471892.537159581
