AIC : 2280200.896386661
BIC : 2280385.154583881
Score : -1140086.4481933306
