AIC : 27200590.700472865
BIC : 27200774.958670087
Score : -13600281.350236433
