AIC : 4969178.372496501
BIC : 4969362.630693721
Score : -2484575.1862482503
