AIC : 4969148.356402604
BIC : 4969332.614599824
Score : -2484560.178201302
