AIC : 2280209.961385378
BIC : 2280512.671280811
Score : -1140081.980692689
