AIC : 27200584.520520948
BIC : 27200887.23041638
Score : -13600269.260260474
