AIC : 2279809.286416701
BIC : 2280111.996312134
Score : -1139881.6432083505
