AIC : 25177992.77723037
BIC : 25178440.26142362
Score : -12588962.388615185
