AIC : -1346362.2391646001
BIC : -1345914.7549713512
Score : 673215.1195823001
