AIC : 2279192.264237885
BIC : 2279639.7484311336
Score : -1139562.1321189424
