AIC : -634021.1004006361
BIC : -633757.8744046073
Score : 317030.55020031804
