AIC : 69316530.34096912
BIC : 69316793.56696515
Score : -34658245.17048456
