AIC : -4226728.394566416
BIC : -4226465.168570387
Score : 2113384.197283208
