AIC : -4226681.133227251
BIC : -4226417.907231222
Score : 2113360.5666136253
