AIC : -9717519.544803398
BIC : -9717111.544509552
Score : 4858790.772401699
