AIC : -9673019.759512614
BIC : -9672611.75921877
Score : 4836540.879756307
