AIC : -2627831.7638298376
BIC : -2627423.763535993
Score : 1313946.8819149188
