AIC : 69316402.39680067
BIC : 69316810.39709452
Score : -34658170.19840033
