AIC : 67242490.08136436
BIC : 67243069.17855562
Score : -33621201.04068218
