AIC : -9673287.140286816
BIC : -9672708.043095553
Score : 4836687.570143408
