AIC : -1145372.1950097498
BIC : -1144793.0978184866
Score : 572730.0975048749
