AIC : -9628968.323304012
BIC : -9628784.065106792
Score : 4814498.161652006
