AIC : 38932688.39671567
BIC : 38932872.65491289
Score : -19466330.198357835
