AIC : -12504295.180133568
BIC : -12503992.470238134
Score : 6252170.590066784
