AIC : 37311256.6722225
BIC : 37311559.382117935
Score : -18655605.33611125
