AIC : 37311054.10149421
BIC : 37311501.58568746
Score : -18655493.050747104
