AIC : -17396899.36110751
BIC : -17396451.87691426
Score : 8698483.680553755
