AIC : -15987228.624084648
BIC : -15986781.1398914
Score : 7993648.312042324
