AIC : -13647234.98167924
BIC : -13647050.72348202
Score : 6823631.49083962
