AIC : -13579179.833295912
BIC : -13578732.349102663
Score : 6789623.916647956
