AIC : -15736347.058624048
BIC : -15736044.348728614
Score : 7868196.529312024
