AIC : -15736347.061919784
BIC : -15736044.35202435
Score : 7868196.530959892
