AIC : -10299522.254181141
BIC : -10299337.995983921
Score : 5149775.1270905705
