AIC : 231123.75862733045
BIC : 231426.4685227635
Score : -115538.87931366522
