AIC : -1346361.6071763749
BIC : -1345914.122983126
Score : 673214.8035881874
