AIC : -7916581.530546269
BIC : -7915998.0909716105
Score : 3958334.7652731347
