AIC : -5343456.79694556
BIC : -5343043.699604891
Score : 2671759.39847278
