AIC : -18846373.227364212
BIC : -18845895.453241352
Score : 9423217.613682106
