AIC : -96163052.18647356
BIC : -96162697.70889854
Score : 48081549.09323678
