AIC : -13385423.734517591
BIC : -13385127.600850713
Score : 6692734.867258796
