AIC : -14524741.433264008
BIC : -14524303.670452101
Score : 7262404.716632004
