AIC : -12074971.949558744
BIC : -12074675.815891866
Score : 6037508.974779372
