AIC : -13298110.532438913
BIC : -13297672.769627007
Score : 6649089.266219457
