AIC : -10502455.642311439
BIC : -10502275.38699714
Score : 5251241.821155719
