AIC : 3390913.759966249
BIC : 3391268.939421972
Score : -1695433.8799831246
